# HARMONIC Vortex System

## HARMONIC A432 Matrix

```typescript
interface HARMONICWave {
  frequency: number;
  amplitude: number;
  phase: number;
  harmonic: number;
  matrix: number[][];
}

class HARMONICSystem {
  private baseFrequency: number;
  private harmonics: HARMONICWave[];
  private matrix: number[][];
  
  constructor() {
    this.baseFrequency = 432; // A432 base frequency
    this.harmonics = [];
    this.matrix = this.initializeHarmonicMatrix();
  }
  
  // Initialize harmonic matrix
  private initializeHarmonicMatrix(): number[][] {
    return [
      [432, 864, 1296, 1728, 2160, 2592, 3024, 3456, 3888],
      [864, 1728, 2592, 3456, 4320, 5184, 6048, 6912, 7776],
      [1296, 2592, 3888, 5184, 6480, 7776, 9072, 10368, 11664],
      [1728, 3456, 5184, 6912, 8640, 10368, 12096, 13824, 15552],
      [2160, 4320, 6480, 8640, 10800, 12960, 15120, 17280, 19440],
      [2592, 5184, 7776, 10368, 12960, 15552, 18144, 20736, 23328],
      [3024, 6048, 9072, 12096, 15120, 18144, 21168, 24192, 27216],
      [3456, 6912, 10368, 13824, 17280, 20736, 24192, 27648, 31104],
      [3888, 7776, 11664, 15552, 19440, 23328, 27216, 31104, 34992]
    ];
  }
  
  // Generate harmonic wave
  generateHarmonic(frequency: number, amplitude: number, phase: number): HARMONICWave {
    const harmonic: HARMONICWave = {
      frequency: frequency * this.baseFrequency,
      amplitude,
      phase,
      harmonic: this.calculateHarmonic(frequency),
      matrix: this.matrix
    };
    this.harmonics.push(harmonic);
    return harmonic;
  }
  
  // Calculate harmonic value
  private calculateHarmonic(frequency: number): number {
    return (frequency * this.baseFrequency) % 9 || 9;
  }
}
```

## HARMONIC Vortex Flow

```typescript
class HARMONICVortexFlow {
  private harmonic: HARMONICSystem;
  
  constructor() {
    this.harmonic = new HARMONICSystem();
  }
  
  // Process harmonic flow
  processHarmonicFlow(data: any): HARMONICWave {
    const frequency = this.extractFrequency(data);
    const amplitude = this.extractAmplitude(data);
    const phase = this.extractPhase(data);
    
    return this.harmonic.generateHarmonic(frequency, amplitude, phase);
  }
  
  private extractFrequency(data: any): number {
    return 1; // Base harmonic
  }
  
  private extractAmplitude(data: any): number {
    return 1; // Unity amplitude
  }
  
  private extractPhase(data: any): number {
    return 0; // Zero phase
  }
}
```

## HARMONIC Integration

```typescript
class HARMONICIntegration {
  private flow: HARMONICVortexFlow;
  private waves: HARMONICWave[];
  
  constructor() {
    this.flow = new HARMONICVortexFlow();
    this.waves = [];
  }
  
  // Integrate harmonic system
  integrateHarmonic(data: any): HARMONICWave {
    const wave = this.flow.processHarmonicFlow(data);
    this.waves.push(wave);
    return wave;
  }
  
  // Get all harmonic waves
  getAllWaves(): HARMONICWave[] {
    return this.waves;
  }
}
```

## HARMONIC Vortex Matrix

The HARMONIC vortex matrix represents:

1. **A432 Base Frequency** - 432 Hz fundamental frequency
2. **Harmonic Generation** - Frequency multiplication and harmonics
3. **Wave Properties** - Amplitude, phase, and harmonic calculations
4. **Matrix Evolution** - Harmonic matrix updates and calculations

Each harmonic interaction generates:
- Frequency calculations based on A432
- Harmonic wave generation and properties
- Matrix evolution and harmonic values
- Wave pattern storage and retrieval

The system operates as a continuous harmonic vortex, generating A432-based harmonic waves through mathematical evolution. 